<level width="1000" height="1000">
  <Collision exportMode="Bitstring">1111111111111111111111111
1111111111111111111111111
1111111111111111111111111
1110000010000000001111111
1110000010000000001111111
1110000010000000001111111
1110000010000000001111111
1110000000000000001111111
1110000000000000001111111
1110000111111111111111111
1110000000100000000111111
1110000000100000000111111
1110000000100000000111111
1110000000100000000111111
1110000000100000000111111
1110000000000000000111111
1110000000000011111111111
1110000000000000000111111
1111111101111111111111111
1111100000001111111111111
1111100000001111111111111
1111100000001111111111111
1111100000001111111111111
1111111111111111111111111
1111111111111111111111111</Collision>
  <Tilemap tileset="BaseTileset" exportMode="CSV">-1,-1,-1,-1,-1,-1,-1,-1,-1,-1,-1,-1,-1,-1,-1,-1,-1,-1,-1,-1,-1,-1,-1,-1,-1
-1,-1,-1,-1,-1,-1,-1,-1,-1,-1,-1,-1,-1,-1,-1,-1,-1,-1,-1,-1,-1,-1,-1,-1,-1
-1,-1,1,1,1,1,1,1,1,1,1,1,1,1,1,1,1,1,1,-1,-1,-1,-1,-1,-1
-1,-1,1,0,0,0,0,0,1,0,2,0,0,0,0,0,0,0,1,-1,-1,-1,-1,-1,-1
-1,-1,1,0,0,2,0,0,1,0,0,0,0,0,0,2,0,0,1,-1,-1,-1,-1,-1,-1
-1,-1,1,0,0,0,0,0,1,0,0,0,0,2,0,0,0,0,1,-1,-1,-1,-1,-1,-1
-1,-1,1,0,0,2,0,0,1,0,0,2,0,0,0,0,2,0,1,-1,-1,-1,-1,-1,-1
-1,-1,1,0,2,0,0,0,0,0,0,0,0,2,0,0,0,0,1,-1,-1,-1,-1,-1,-1
-1,-1,1,2,2,0,0,0,0,0,0,0,0,0,0,0,0,0,1,-1,-1,-1,-1,-1,-1
-1,-1,1,2,0,0,0,1,1,1,1,1,1,1,1,1,1,1,1,1,-1,-1,-1,-1,-1
-1,-1,1,0,0,0,0,0,0,0,1,0,0,0,0,0,0,0,0,1,-1,-1,-1,-1,-1
-1,-1,1,0,0,0,0,0,0,0,1,0,2,0,2,2,0,0,0,1,-1,-1,-1,-1,-1
-1,-1,1,0,0,2,0,0,0,0,1,0,0,0,0,0,0,0,0,1,-1,-1,-1,-1,-1
-1,-1,1,0,0,2,0,0,0,0,1,0,0,0,0,2,0,2,0,1,-1,-1,-1,-1,-1
-1,-1,1,0,0,0,2,0,0,0,1,0,2,0,0,2,0,0,0,1,-1,-1,-1,-1,-1
-1,-1,1,0,0,0,0,0,0,0,0,0,0,0,0,0,0,0,0,1,-1,-1,-1,-1,-1
-1,-1,1,0,2,2,0,0,2,2,2,0,0,0,1,1,1,1,1,1,-1,-1,-1,-1,-1
-1,-1,1,0,0,0,0,0,0,0,0,0,0,0,0,0,0,0,0,1,-1,-1,-1,-1,-1
-1,-1,1,1,1,1,1,1,2,1,1,1,1,1,1,1,1,1,1,1,-1,-1,-1,-1,-1
-1,-1,-1,-1,1,2,2,2,2,2,2,2,1,-1,-1,-1,-1,-1,-1,-1,-1,-1,-1,-1,-1
-1,-1,-1,-1,1,2,2,2,2,2,2,2,1,-1,-1,-1,-1,-1,-1,-1,-1,-1,-1,-1,-1
-1,-1,-1,-1,1,2,2,2,2,2,2,2,1,-1,-1,-1,-1,-1,-1,-1,-1,-1,-1,-1,-1
-1,-1,-1,-1,1,2,2,2,2,2,2,2,1,-1,-1,-1,-1,-1,-1,-1,-1,-1,-1,-1,-1
-1,-1,-1,-1,1,1,1,1,1,1,1,1,1,-1,-1,-1,-1,-1,-1,-1,-1,-1,-1,-1,-1
-1,-1,-1,-1,-1,-1,-1,-1,-1,-1,-1,-1,-1,-1,-1,-1,-1,-1,-1,-1,-1,-1,-1,-1,-1</Tilemap>
</level>